0 0.1331852376461029 0.6984758377075195 0.10290398448705673 0.24155502021312714
0 0.21801304817199707 0.7969169616699219 0.12119106948375702 0.22200354933738708
0 0.7877265214920044 0.8387283086776733 0.07450179755687714 0.32237476110458374
0 0.9396835565567017 0.34689679741859436 0.02634124830365181 0.07771806418895721
0 0.6961963772773743 0.8193758726119995 0.11883487552404404 0.3594970703125
0 0.49639320373535156 0.5029062628746033 0.05466346815228462 0.1480618417263031
0 0.4266015589237213 0.6964184641838074 0.07120771706104279 0.2203054428100586
0 0.5947349667549133 0.598838210105896 0.09514045715332031 0.21710892021656036
0 0.6500306129455566 0.5935306549072266 0.07597837597131729 0.22119960188865662
0 0.8642606735229492 0.31934118270874023 0.015627671033143997 0.05725741386413574
0 0.3606211245059967 0.5081644058227539 0.082506462931633 0.13860340416431427
0 0.40871262550354004 0.49273401498794556 0.06493158638477325 0.13927850127220154
0 0.9606380462646484 0.3331408202648163 0.017481613904237747 0.07143759727478027
